-1.151256129  
1.486621564  
-1.527537992  
-0.1184118177  
-0.296679339  
1.694341283  
-0.5066506615  
-0.9014723946  
0.2850243387  
0.4652529732  
-1.162844378  
-0.7759737007  
-0.442712604  
-0.50013501  
-0.08059287473  
-0.7733816714  
0.284934655  
-0.884109365  
-0.3937950025  
-0.1820224835  
-1.614636249  
-0.5825478356  
0.5181875219  
0.0089469604  
-0.6812309456  
-0.375161996  
0.4555367339  
-0.4053084666  
-1.120431731  
-1.244714832  
0.4217347651  
0.5753855163  
-0.7352851158  
-0.7470439047  
-2.370913631  
-0.9815130628  
-0.5258582299  
-0.6063190363  
-1.90363263  
-0.2299995877  
-0.6816008811  
0.5385843904  
-0.2846940173  
-0.4093166893  
-0.05127786892  
-1.619903337  
0.4831878921  
-1.230386185  
-0.7299153575  
-1.077570832  
-1.786478395  
-0.05544286101  
-1.292818057  
-0.4929267932  
-1.463961776  
0.7563684155  
-0.4318046886  
0.1365999093  
-0.6024647528  
-1.026775645  
-0.3738028781  
-0.804042818  
-0.3972108679  
-1.553656193  
-0.505960807  
1.242430445  
-0.2180759856  
