-1.402280412  
-0.5682331745  
-2.080359366  
-0.2292961173  
-1.325728777  
0.04141037269  
-0.2627175622  
0.279029306  
-0.2999346826  
-0.438675232  
-0.7833713477  
-1.660338666  
-1.20320931  
-0.4960022176  
-0.375648102  
-0.7692365632  
-0.3677014962  
-1.118780654  
-0.1251615606  
0.1691180262  
0.7521717303  
-1.514454743  
-1.325028309  
-0.8286583441  
0.8402513186  
-0.5089629227  
-0.9396988922  
-0.2559768545  
0.9073294433  
-0.2581671595  
-0.7423543827  
-0.2491111698  
-0.364426807  
-1.219456399  
-1.106362093  
-0.4891100813  
-0.6537826852  
0.4073501451  
-0.389057509  
0.519375053  
1.447615832  
-0.2558655615  
-0.2749671333  
-0.8414976984  
-0.8759247046  
-0.3284254398  
-1.116651116  
-1.190706407  
-0.06904750494  
-1.847611475  
-0.1035075382  
1.32049852  
0.2274280713  
-0.002480505431  
0.3734842803  
-0.9585780462  
0.2396328542  
-1.197924816  
-0.07847169652  
-0.6100910349  
-1.223499984  
0.03287299806  
0.001798805246  
-0.3762457136  
-1.465248336  
0.5237095425  
-0.8638169467  
