-0.5991613513  
0.3749425266  
-1.521145485  
0.5254863275  
-1.456687518  
-0.1064041574  
-0.2891392953  
-0.4178455214  
-0.2281862738  
-1.558424296  
-0.6100989601  
-0.4500254597  
-1.933715903  
0.005473275485  
-0.2896686364  
0.01517372747  
-0.2507233815  
-0.7070162513  
-0.5630845146  
0.09945305283  
-0.5642041421  
-1.015911179  
-0.7982738557  
-1.130498744  
1.40503256  
-0.8587119495  
-1.564202765  
0.2457443973  
0.2202590074  
-0.5089719824  
-0.3483891637  
-1.610233085  
-0.2004528256  
-2.556830904  
-0.8719867139  
0.1069180805  
-0.3145655217  
-0.1210841683  
-0.2379220807  
0.8068854311  
0.710650802  
-1.381887984  
-0.04940296056  
0.168067498  
-0.03720662713  
-0.9323918846  
-1.286906839  
-0.9458656745  
-0.4100386257  
-0.6076752736  
0.3690028394  
-0.511218239  
-0.0266159491  
-0.226963352  
-0.6698529364  
-0.5387502406  
1.722174576  
-0.8826320691  
-0.2494919647  
-0.7101379593  
-0.3488826043  
-0.9639176483  
0.1702049716  
-0.6557426013  
-1.870910253  
-0.1615204201  
-1.158000536  
