0.6760614266  
0.2980076958  
0.01533201174  
0.6109761382  
-0.7757354904  
-0.5480008639  
0.3806178573  
0.2569635891  
0.2066568712  
-0.4014473688  
0.3536038774  
-0.2658538011  
0.5636845502  
1.507835076  
1.864259329  
-0.01059094537  
-0.1045368546  
0.7085813171  
0.4045516449  
0.7744874041  
1.634648825  
0.3620674874  
0.2302661331  
-0.01813600704  
-0.1609872793  
0.3846440272  
0.3202534597  
1.815832036  
0.870147467  
0.8308154332  
0.530847953  
-1.319983066  
0.2198447861  
0.07203840545  
2.026607452  
-0.4491489375  
0.573802733  
1.252566091  
1.388680862  
2.40604027  
1.439658034  
0.6083815522  
0.005470215071  
0.1870313248  
-0.1000706074  
-0.3118769077  
0.5666751824  
1.122919352  
0.8014649968  
1.769720735  
0.7431196364  
-0.01290003359  
0.8222886057  
1.542388673  
0.2745162173  
-0.4544250757  
1.034235608  
0.9846489813  
1.28463685  
0.7145266538  
0.8701841218  
0.5809542963  
1.249836264  
2.232347157  
-0.8549352483  
0.2717072935  
0.9069594885  
