-0.3202026042  
-1.219962326  
-0.1815863459  
-0.6862570294  
-0.1581173327  
-0.3085747168  
0.1045893211  
-0.9079286319  
0.4452842117  
-0.409046225  
-0.1539311467  
-0.3458435018  
0.03970147153  
0.5160850051  
-0.5366947419  
0.51808243  
-0.2489640779  
0.6949428923  
1.182030614  
-0.6030704241  
0.533479624  
0.04419778187  
-0.4816521571  
-0.8632456661  
-0.416764118  
-0.4921329532  
-0.04759204343  
0.3691311994  
0.5580737172  
-0.06653916249  
-1.123945359  
0.09860467388  
-0.6834713898  
-0.6887676636  
1.254210954  
-0.7008610418  
-0.1921025829  
1.127669204  
0.296438069  
-0.2318236575  
-0.8368688519  
-0.0823725577  
0.7225028705  
0.7501412015  
1.296150922  
-0.5909347975  
0.068358949  
-0.8973078392  
-1.235061181  
0.2094002744  
0.776922542  
-0.5653817433  
0.6675128351  
0.3155126665  
0.09248320975  
0.5057273603  
-0.09918095251  
-1.759009052  
1.15267054  
0.9920762134  
-0.3186682301  
-0.3352711782  
0.2792918535  
-1.42210624  
0.570353459  
0.95794292  
-0.2589193125  
