0.9521294501  
0.5203773087  
-0.2746741443  
-0.3581050869  
-1.099304236  
-0.07139188157  
-0.7972209487  
0.03468764991  
-0.3430731125  
0.02811686688  
-0.4507275989  
-1.078141476  
-0.5784107372  
0.5056891971  
-0.264382198  
-0.5262136428  
0.4781882407  
-0.6812835768  
-0.0414383724  
-0.1393501159  
-0.5263270839  
-0.978681189  
0.02051674962  
-0.9149155682  
0.2734402093  
-0.06134096878  
-0.5427292424  
-0.09119111829  
-0.8255176353  
-0.2805817575  
-0.3612638943  
-1.985680678  
-0.08362998481  
-0.1815761776  
0.2080015267  
-0.2949105002  
-1.731129364  
-0.8209391255  
-1.066448173  
0.135639667  
0.01311959742  
-0.5531215581  
0.2580420238  
-1.311240779  
-0.7567104298  
-0.5676799517  
0.09254832733  
-0.7657254201  
0.2177334627  
-0.7985065186  
-0.5243275239  
-0.3476831464  
0.08750633892  
-0.4529470246  
-1.535661224  
-0.3744615928  
1.40304559  
-1.011126843  
-0.5560144308  
-1.01650079  
-0.154419217  
-0.03500906532  
-0.4365557152  
-0.2932247547  
-0.9968697196  
-0.0385331665  
-1.01863143  
