-0.3938093175  
-0.2864758306  
-1.392477697  
-0.2547417481  
-0.3535552519  
-0.985132255  
1.114656566  
-0.1745970163  
-0.9020961242  
-0.9147033868  
-0.930717146  
-2.308729359  
-0.4479139663  
-0.8311522498  
-0.8316823984  
-0.6811045425  
-0.3503629842  
1.699048614  
-0.1894750673  
0.1013550216  
-0.7618583321  
-0.9870875718  
0.126242907  
-1.088851239  
1.114317007  
-0.68331201  
0.008191569189  
-1.126454495  
0.4498245407  
0.262419924  
-0.5794744907  
0.8496798302  
-0.4656796433  
-0.04754595446  
-2.53729575  
-0.9578615901  
0.1239770901  
-0.3804164251  
-0.2508564831  
-0.5889734676  
-0.2994499723  
-0.08541036109  
-0.2314856463  
-0.6875626282  
-2.772471056  
0.2787070178  
-0.5226147175  
-0.7380501513  
-0.7333754214  
-2.172406137  
0.1742428791  
-1.070286205  
-0.7241660278  
-0.4179385199  
-1.137933787  
-0.3299814907  
-0.8810637593  
-0.9238062613  
-1.081549085  
0.7114543817  
0.1506391165  
0.3071012725  
-0.3110461943  
-0.5205527462  
0.4743369203  
-0.5579177847  
-2.623028231  
