-0.2725966507  
0.1560663814  
-0.7056296244  
-0.3043803147  
-2.094028096  
0.2401068004  
-0.2162202998  
0.2397890327  
-0.9600780393  
-0.3664143312  
-0.993169401  
-0.3004512808  
0.03265149162  
0.5503897899  
-1.206140607  
-0.8954980626  
-0.3340186057  
1.344404782  
-0.09013524675  
-1.156333859  
0.07357501006  
-0.08904433316  
-0.3722668884  
-1.424670613  
0.1362483258  
-1.375974626  
-0.1311046956  
-0.1464559  
-0.09182898948  
-0.6170691412  
-0.884302658  
-0.7117456527  
0.3317252536  
-0.6913354468  
-1.670448886  
-1.185692244  
-0.2879074111  
-0.418780568  
-0.09458685052  
-0.4115115921  
-0.3445531581  
-0.8508498277  
0.457160296  
-1.501143022  
-0.4607700151  
-0.6247700478  
-0.3544559278  
-0.1371002359  
0.7836649849  
-0.7134558091  
0.1277886875  
-0.7786981243  
-1.17565985  
-1.804536839  
-1.204125863  
-0.9736568115  
-0.2678231259  
-1.108553494  
-0.4633259496  
-0.132317728  
-0.006884718371  
0.4341643536  
0.143289297  
-0.7240513949  
0.4708481007  
-1.009554225  
-1.814329663  
