0.09037843456  
-0.311172897  
-0.5401379605  
1.097952565  
-1.011679157  
-0.8034274509  
-0.03149049127  
-0.4382884631  
0.337169165  
-0.56214503  
-0.7118441674  
-0.3632954728  
-0.7556005522  
-1.209886686  
-0.8145876221  
-0.1270061031  
0.3312422781  
0.7346470245  
0.420339666  
-0.05810388897  
0.08002078844  
-0.7446091014  
-0.3531010518  
-1.082521124  
1.508356645  
-0.1345540138  
1.049592323  
-0.2993286985  
-0.08712709947  
-0.4647599572  
-0.4551505375  
-0.685812281  
-0.6136321382  
-0.7217616363  
-1.087445833  
-1.342037841  
-1.854877855  
-0.8372439728  
-0.4377255399  
-0.7907084271  
-0.5549361468  
-0.0826586253  
-0.2973394535  
-1.21099789  
-1.963574421  
0.4615705245  
-0.1425228337  
-0.6458012597  
0.1719267287  
-1.953277591  
-0.1323840525  
-1.345280361  
-1.2939122  
-1.352103286  
-0.8915753275  
-0.5631680918  
-1.235398799  
-1.478996855  
-0.4370179425  
-0.4306867108  
0.4724969798  
0.8101860803  
-0.1034557373  
-0.8226693406  
0.1370684847  
-0.5139944211  
-1.600848526  
