-0.4058606904  
0.4123852918  
-0.7262017412  
0.235326152  
-0.9972139597  
-0.2427887664  
-0.7500196254  
-0.09377304655  
-1.302672596  
-0.6151529391  
-1.085490057  
0.3934590703  
0.0411527781  
-0.680209031  
-1.252386649  
-0.7185095826  
-0.3064802791  
1.126385398  
0.4719286933  
-0.9741932063  
-0.118558101  
-0.1244789771  
0.5158169766  
-1.068844512  
1.29841809  
-0.5862141403  
0.4202440512  
0.1375052316  
-0.1021283757  
-0.7036986406  
-1.045156027  
-1.301006992  
-0.08689268243  
-0.158573012  
-1.410499268  
-1.462651786  
-1.733618457  
-0.1483640421  
-0.8389042788  
-1.210876093  
-0.8946875874  
-0.439753391  
-0.01861493651  
-1.010930407  
-0.8329520729  
0.453453641  
-0.4554347835  
-0.3207189096  
0.5910309105  
-0.5770850529  
0.1062553021  
-0.670468398  
0.4251238918  
-1.157129873  
-1.237992478  
-1.032281826  
-0.1345837456  
-1.315137544  
-0.2242164437  
-0.5648249587  
-0.793268416  
0.386829759  
0.2916004757  
-0.9015505111  
-0.8831915119  
-1.360599985  
-0.4523737912  
