-0.3829771005  
0.7537329193  
-0.7719051492  
0.121896909  
-2.144805366  
-1.256952306  
0.7988214812  
0.03115819878  
-1.422915893  
-1.127946895  
-1.641348467  
0.278061108  
-0.1518228964  
-0.06448850089  
-0.7562563055  
-0.8291647485  
-0.3758384277  
1.504943115  
-0.008101259319  
-1.401266758  
-1.305727833  
0.04581994217  
-0.5081583003  
-1.938884946  
1.073091939  
-1.287603209  
-0.2711232051  
-0.7048602114  
0.8228461119  
-1.05555064  
-0.07562021618  
-0.07743771712  
-0.4822219957  
-0.5446461478  
-1.718310778  
-1.613725825  
0.2834841782  
-0.9736550279  
-0.3078968271  
-0.4659609885  
-0.06054700888  
-0.4241267362  
0.2305244766  
-1.777635986  
-1.908279038  
-0.1622466827  
-0.4926265647  
-0.1837271246  
1.150990689  
0.1228067823  
-0.0413746138  
-0.7980662059  
-1.510302472  
-1.241121253  
-1.637954208  
0.217846345  
-0.286468559  
-0.4892276803  
-0.9303557965  
-0.2157733665  
0.004341562817  
0.0006180368051  
0.5222477154  
-0.5229063454  
-0.2102311434  
-0.4917381171  
-1.726760846  
