0.1376591289  
-0.5904321867  
-0.1082742829  
0.3311947662  
-2.328856186  
0.4357908428  
-1.039419891  
-1.233115331  
0.6391294959  
-1.165867923  
-0.7355092289  
-0.4660649412  
-0.4816690931  
0.7546737719  
-0.4205801922  
-0.08965680804  
-1.768379915  
0.3152873392  
2.124423521  
-1.609510821  
0.1030137299  
-0.09828932874  
0.9322288551  
-1.865098182  
1.364200321  
-0.3895045762  
-0.4746045845  
-0.1988336574  
-0.5934980214  
-1.17738097  
-0.6847864946  
-0.2172577305  
-0.2720896529  
-0.5988276804  
-0.4673912998  
-1.222616198  
-1.581418477  
-0.9653882319  
-1.370147539  
-1.298046326  
-1.370021346  
-2.009559886  
-0.2525756739  
-0.2748510822  
-1.364273905  
-1.12286544  
-0.8067995881  
-1.20849083  
-0.3253862488  
-1.89650461  
-1.393635931  
0.08226221294  
-0.8154066207  
-0.8812831226  
-0.750500718  
-1.570068933  
1.069469187  
-0.7127344161  
-1.236813254  
-0.3693235439  
-0.293577477  
0.2638621285  
0.2028881701  
-1.982001908  
0.7845047147  
-2.065924667  
-0.3806249561  
