-0.5344120405  
-0.2322074234  
0.1405089997  
0.6697840933  
-0.9318976142  
0.01036062957  
-0.1291157139  
-0.7878521379  
-0.2768242502  
-1.072652095  
-0.3650137276  
0.6229356912  
-1.709015698  
1.049765071  
-0.332671689  
-0.7744517873  
-0.538823584  
1.072064145  
0.8649335534  
-0.3611820687  
0.6254654834  
1.261682272  
0.1044130602  
-1.830128176  
-0.5060029059  
-0.2094177766  
0.9413311128  
-0.9011159895  
-0.6738776729  
1.065522131  
-0.7076549785  
-0.6845938015  
-1.379122884  
0.1945523985  
-1.252891849  
-1.327407366  
-0.1747571311  
-0.949322106  
-0.03777673877  
-1.212435505  
-0.2425125231  
-1.336851726  
-0.976748873  
-0.9895508994  
-1.119409942  
0.4469354071  
-1.018255536  
0.5053666588  
-1.307380756  
-0.765171332  
-1.151474428  
-1.101426973  
-1.216104002  
-1.699905675  
-0.803152965  
-0.3964247968  
0.4495363767  
-1.568505854  
-0.9123006917  
-1.208057754  
1.183828092  
-0.5726544053  
-0.9173990373  
-1.517174684  
-0.2187023513  
-0.5724720526  
-0.1026789456  
