0.5875400049  
-1.056649581  
-0.2192617534  
0.1128484245  
-1.23433056  
-0.2712266972  
-0.806907929  
-1.130471599  
-0.1971711096  
-0.3912072098  
-0.7674808956  
-0.2392686255  
-1.539095355  
0.7147422718  
-0.5752538483  
-0.1788494838  
-1.063426823  
0.4308519351  
1.848264176  
-0.9723204407  
0.1540448786  
0.04121142046  
2.070479325  
-1.102308833  
0.8249123988  
-0.3149829356  
-0.5061069645  
-0.408070726  
-1.686603741  
-0.7367454681  
-0.3287255184  
-0.05262517731  
-0.4542424468  
-0.7385511354  
-1.107448377  
-1.618071625  
-1.403225133  
-0.9897748733  
-0.09440030915  
-0.8599992893  
-0.7096085935  
-1.435282817  
-0.7745623674  
-0.1383414651  
-2.455887126  
-1.45402467  
-1.047966218  
-0.8273130874  
-0.4855469186  
-1.126620018  
-0.9218958562  
-0.0764442336  
-0.3494869006  
-2.052141984  
-0.871044297  
-0.5689259247  
1.460871448  
-0.1317749175  
-1.569467367  
-1.580611736  
0.5646650976  
-0.8998175661  
-0.02149353656  
-0.8963030782  
0.6349118718  
-1.712369297  
-2.109114693  
